[Spectrum]		
IDData	DLAB_2012-07-27_19-10-40_447_776	
IDDevice	SAM_8404	
DateTime	2012-07-27 19:04:22	
IDDataType	SPECTRUM	
IDDataTypeSub1	BACK	
IDDataTypeSub2		
IDDataTypeSub3		
RecordType	0	
IDMethodType	SAM Calibration Station	
MethodName	SAM_Calibration_Station	
Latitude	0	
Longitude	0	
Comment		
CommentSub1		
CommentSub2		
CommentSub3		
Mission		
MissionSub	0	
		
[Attributes]		
CalFactor	1	
IDBasisSpec		
IDDataBack		
IDDataCal		
IntegrationTime	8192	
P31	-1	
P31e	0	
PathLength	+INF	
RAWDynamic	65535	
Temperature	+NAN	
Unit1	$05 $00 Pixel 	
Unit2	$03 $05 Intensity counts	
Unit3	$03 $05 Intensity counts	
Unit4	$f1 $00 Status 	
p999	0	
[END] of [Attributes]		
		
[Data]		
1	0.0191808058282205	0.0258151501140128
2	0.0190009913339308	0.0258094339135159
3	0.0190293750059845	0.0260313876631634
4	0.0191466448883631	0.0256510524270258
5	0.0190938261232501	0.0259460962470708
6	0.0190734723858463	0.025910566637826
7	0.0190365008031086	0.0255359999707234
8	0.0191018487298846	0.0255095379738529
9	0.0191010925484803	0.0257230033071576
10	0.0191028807587279	0.0257767933019571
11	0.0190745281435016	0.0256604089391687
12	0.0190969019704992	0.0258397296364999
13	0.0191039482063126	0.0256944381897965
14	0.0191182654037467	0.0258193018917144
15	0.0190889711385344	0.0259260572513999
16	0.0191026031665234	0.0259057967368129
17	0.0190929793885119	0.0255269993900778
18	0.0191039804844759	0.0257284325280656
19	0.0190844214877959	0.0259484573698925
20	0.0191103176475557	0.0259000908354618
21	0.0191005138097359	0.0257808969006036
22	0.0191230895061116	0.0256917867707118
23	0.0191127194918595	0.025890832427047
24	0.0191130054589388	0.0262397683605408
25	0.0191138132854045	0.0259532188919396
26	0.0191374576507008	0.0257082702917684
27	0.0191111115158967	0.0259218869701482
28	0.0191235269188436	0.026150692095637
29	0.0191101785897386	0.0258243346827889
30	0.0191218132100864	0.0259233801717316
31	0.0191167054088375	0.0257458255160674
32	0.019125015727317	0.025835656760729
33	0.0191030892582153	0.0256943496869671
34	0.0191309036132588	0.0256916635300855
35	0.0191027244277315	0.0256764192232025
36	0.0191285757470158	0.0260054373069103
37	0.0190984998268215	0.0257066919040296
38	0.0191082991282509	0.0256475088226134
39	0.0191094292129201	0.0257533870092855
40	0.0191279467590225	0.0257804999470847
41	0.019112774626452	0.0259093087455406
42	0.0191372618880022	0.0254327656969788
43	0.0191018520449392	0.0256316333002844
44	0.0191222155530302	0.0257004507962191
45	0.0191048636848148	0.0255650936611958
46	0.0191339389819463	0.025479831222361
47	0.019116093519547	0.0257287057172727
48	0.019126699077153	0.0257236236997724
49	0.0191279804329983	0.0256274645900888
50	0.0191437494498754	0.0257773791313368
51	0.0191256469835055	0.0255701336093038
52	0.0191394899536537	0.0258252106338698
53	0.0191206166498485	0.0260567722646431
54	0.0191352411005021	0.0254406928971548
55	0.0191196858174091	0.0259095808873769
56	0.0191498720067883	0.0259160955335182
57	0.0191189596459728	0.0255597646387574
58	0.0191410237770791	0.0257930638576253
59	0.0191239791620832	0.0258041275841107
60	0.01914060852287	0.0261516253029862
61	0.0191223607175269	0.0253849362891873
62	0.0191490095691599	0.0257900970053794
63	0.0191066667255699	0.0259927491083726
64	0.0191380547094838	0.0259173384134894
65	0.019124372781199	0.0255488529555943
66	0.0191482804316221	0.0256168320312338
67	0.019128759819785	0.0257123943141448
68	0.0191439637070892	0.0255794194239203
69	0.0191416745746422	0.0256427783725656
70	0.0191385927951901	0.0256661988047425
71	0.019133174076714	0.0257544584695753
72	0.0191537586466046	0.0256118832043821
73	0.019147878961061	0.0260124538182085
74	0.0191505203616796	0.0258536191693019
75	0.0191597897778009	0.0258193507690167
76	0.0191568341449006	0.0260035892212003
77	0.0191251165747678	0.0258335927420802
78	0.019132857576237	0.0257255004136166
79	0.0191443906512277	0.0257521935303019
80	0.0191719670202455	0.0258427712011935
81	0.0191236286386772	0.026003586951897
82	0.0191645931174553	0.0256176400777769
83	0.0191360972569745	0.0255047404920763
84	0.0191525334722111	0.0258238308974523
85	0.0191289634339287	0.025651950023769
86	0.0191417680940775	0.0255711417036625
87	0.0191395848689015	0.0256075729245718
88	0.019150249923014	0.0259376986028607
89	0.0191602976790626	0.0257479244470749
90	0.0191602535364933	0.025499375859032
91	0.0191590456352791	0.025778878442583
92	0.0191545343693835	0.0257350194427895
93	0.0191474139810327	0.0258191069061909
94	0.0191580896782153	0.0255937973806211
95	0.0191441783132561	0.0259749401396164
96	0.0191576791348732	0.0259160491000811
97	0.0191528510195475	0.0260588748614483
98	0.0191790307037148	0.0257259123794498
99	0.0191439797589326	0.0259198760182846
100	0.0191647541593188	0.0259278763598522
101	0.01914427950966	0.0257171588037423
102	0.019171213281513	0.0257737798417123
103	0.0191495736518734	0.0257867515286029
104	0.0191779564515443	0.0257348724617592
105	0.0191554470562608	0.0258079864471225
106	0.019171466970429	0.0259169735793406
107	0.0191583894289427	0.0258710200125844
108	0.0191666510684623	0.0261245474521075
109	0.019163178984949	0.025844071337433
110	0.0191796391034741	0.0256972711531466
111	0.0191555290602433	0.0256315194859949
112	0.0191655049319498	0.0258432814453165
113	0.0191642073497845	0.0259682437746479
114	0.0191683335459156	0.0257186443246068
115	0.0191630067765858	0.0260816427816403
116	0.0191845621340476	0.0259770455294104
117	0.0191564574500109	0.025553557221373
118	0.0191700064271581	0.0256658840698284
119	0.0191799966059424	0.0259833997532633
120	0.0191718101658194	0.0257595776687377
121	0.0191584243242544	0.0257799912740179
122	0.0191798512669692	0.0258886296317721
123	0.0191700013673379	0.0259035242913823
124	0.0191673730524612	0.0258284470095252
125	0.0191674404004128	0.0256206542362689
126	0.0191751993729675	0.0259131091303514
127	0.0191711878079354	0.0257015444258567
128	0.0191756235254812	0.025816842316041
129	0.0191693221300958	0.0256113949550451
130	0.019177336187379	0.0257292946887647
131	0.01916904663161	0.0257232005619845
132	0.0191788778622495	0.0258144225404566
133	0.0191707816265073	0.0255590747705486
134	0.0191813439139268	0.0256021766958428
135	0.0191579872604754	0.0257485434431954
136	0.0191784732511105	0.0261967207239645
137	0.019168710764235	0.0257898711224183
138	0.0191604611635978	0.025938864501081
139	0.0191684118858903	0.0257330486401385
140	0.0191717588697113	0.0257391507967612
141	0.0191595306801116	0.0256752624021955
142	0.0191668677683479	0.0258196955285592
143	0.0191751557538279	0.0259145433300485
144	0.0191724996971785	0.0258664876901725
145	0.0191561517670804	0.0255731420072566
146	0.019172537035162	0.0254090366395507
147	0.0191522501222801	0.0259252272100709
148	0.0191895718794707	0.0258856535277512
149	0.0191623357397419	0.0259001051495289
150	0.0191745299064127	0.0257096086570407
151	0.0191824256685893	0.0259585753205796
152	0.0191713671698375	0.0257377366716704
153	0.0191620996729583	0.0258874366764739
154	0.0191719891787684	0.0259312637314592
155	0.0191674730275292	0.0258283009013038
156	0.0191873436393426	0.0258290729881174
157	0.0191489338463335	0.0260647727807724
158	0.019198662282643	0.0258991546605622
159	0.0191716233014253	0.0258246083956815
160	0.0191756380070355	0.0259617144653159
161	0.0191555852416951	0.0257692536289631
162	0.0191810363117543	0.0258278800328192
163	0.0191777624336113	0.0260442455357646
164	0.0191929076967919	0.025881382873468
165	0.0191734539094767	0.0262032985614751
166	0.0191868456832448	0.0258698569073529
167	0.019165304109431	0.0258006462982587
168	0.0191828393525094	0.0259597475030244
169	0.0191633976040767	0.0258187656378842
170	0.0191855142526271	0.0263472748596247
171	0.0191642438153853	0.0255680516107902
172	0.0191826371341781	0.0257988125266158
173	0.0191756175932782	0.0259781597573396
174	0.0191992937133081	0.0257424032321017
175	0.019180047727574	0.0257004073303325
176	0.0191679127084566	0.0258196454293245
177	0.0191715144280529	0.0257676031472036
178	0.0191860676922706	0.0259461639770467
179	0.0191694243733591	0.0258946078495214
180	0.0191841468798385	0.0260741685693189
181	0.0191825549557191	0.0258894074791249
182	0.0191875913960556	0.0259332116665152
183	0.0191740989493133	0.0260082311684187
184	0.019183133519987	0.0260519255564407
185	0.0191835152746969	0.0258378101550162
186	0.0191751440638985	0.0259633338750762
187	0.0191848510672284	0.0257773098303047
188	0.0191819460325301	0.0259667163589529
189	0.0191879555286331	0.0261915968116337
190	0.019194655428478	0.0259814177786575
191	0.0191821512169628	0.0259606416085318
192	0.0191891301048247	0.0258714323275411
193	0.0191742838944653	0.0258306313012499
194	0.0192056788574415	0.0261453930978271
195	0.0191775331714135	0.0261755795451282
196	0.019196113529077	0.0260617404678539
197	0.0191764973040859	0.0259761114492522
198	0.0191911679910275	0.0261371593671414
199	0.0191834402497767	0.0257203206415118
200	0.019207815671853	0.0259825700610577
201	0.019180953435389	0.0257963508562009
202	0.0191889109622672	0.0260751707285766
203	0.0191889114856969	0.0256982738360897
204	0.0191862945117966	0.026079157719945
205	0.0191796664962938	0.0262475169840019
206	0.0191829075728438	0.0259246471412303
207	0.0191701299565615	0.0260347366311757
208	0.0192004597401483	0.0261264990529612
209	0.019191979830454	0.0261654368066664
210	0.0191967432149765	0.0258992833126041
211	0.0191726239244881	0.0257506219504732
212	0.0191994980253581	0.0258832779163006
213	0.0191881853142606	0.0259104547437162
214	0.0191919964057271	0.0257635552337692
215	0.0191757446122127	0.0258823005448176
216	0.0191972891521279	0.0259657908323227
217	0.019177704856347	0.0258053863492052
218	0.0192057263150654	0.0259311401417092
219	0.0191922042073082	0.0260456064195083
220	0.0191786130068338	0.0263230393984331
221	0.0191838762666963	0.0260122642441006
222	0.0192149938119446	0.0258224687917759
223	0.0191881486741833	0.02605970612471
224	0.0191966481252522	0.0260234157751682
225	0.0191831003694408	0.0260561070096472
226	0.0192033033590981	0.0260560836183669
227	0.0191856922187168	0.0258033563701061
228	0.0192021488477107	0.0257310186610394
229	0.0191944392520221	0.0259523097741179
230	0.0191881101148639	0.0258721619958388
231	0.019184603484992	0.0262447079356175
232	0.0192037433889785	0.025966321151052
233	0.0191919512162984	0.0259148090130986
234	0.0192119275609062	0.0264544690676596
235	0.0192013814998066	0.0260610137671066
236	0.0191925526369954	0.0259959723918935
237	0.0191795895521315	0.0260489454374984
238	0.0192212627546901	0.0260139609847354
239	0.0192018079205155	0.0261574612528735
240	0.019217740770881	0.025898148660945
241	0.0191932964305641	0.0261347264994224
242	0.0192207492701785	0.0259432796925293
243	0.0192057470777759	0.0260244188072349
244	0.0192219826449703	0.0257779953344686
245	0.019211203308712	0.0258441474463751
246	0.0192186325205713	0.0260877529681055
247	0.019206638478513	0.0258027862512878
248	0.0192189708306181	0.0258264079532128
249	0.0192131213295192	0.0258516635535269
250	0.0192338308246256	0.0258966360830025
251	0.0192417466516064	0.0259764965325692
252	0.0192524682361238	0.0258871261310429
253	0.0192645425373989	0.0258143556832896
254	0.0193478017042368	0.0259314070466918
255	0.0197860835040342	0.0271353476931531
[END] of [Data]		
[END] of [Spectrum]		